0x270: 2f 6c 69 62 2f 6c 64 2d 6c 69 6e 75 78 2d 72 69 
0x280: 73 63 76 36 34 2d 6c 70 36 34 64 2e 73 6f 2e 31 
0x570: 97 23 00 00 33 03 c3 41 03 be 83 a9 13 03 43 fd 
0x580: 93 82 83 a9 13 53 13 00 83 b2 82 00 67 00 0e 00 
0x590: 17 2e 00 00 03 3e 8e a8 67 03 0e 00 13 00 00 00 
0x5a0: 17 2e 00 00 03 3e 0e a8 67 03 0e 00 13 00 00 00 
0x5b0: ef 00 20 02 aa 87 17 25 00 00 03 35 25 a8 82 65 
0x5c0: 30 00 13 71 01 ff 81 46 01 47 0a 88 ef f0 5f fc 
0x5d0: 02 90 97 21 00 00 93 81 e1 22 82 80 00 00 17 25 
0x5e0: 00 00 13 05 a5 a2 97 27 00 00 93 87 27 a2 63 88 
0x5f0: a7 00 97 27 00 00 83 b7 e7 a3 91 c3 82 87 82 80 
0x600: 17 25 00 00 13 05 85 a0 97 25 00 00 93 85 05 a0 
0x610: 89 8d 93 d7 35 40 fd 91 be 95 85 85 99 c5 97 27 
0x620: 00 00 83 b7 a7 a2 91 c3 82 87 82 80 41 11 22 e0 
0x630: 17 24 00 00 13 04 04 a2 83 47 04 00 06 e4 85 e3 
0x640: 97 27 00 00 83 b7 07 a0 91 c7 17 25 00 00 03 35 
0x650: 65 9b 82 97 ef f0 bf f8 85 47 23 00 f4 00 a2 60 
0x660: 02 64 41 01 82 80 69 bf 13 01 01 ff 23 34 11 00 
0x670: 23 30 81 00 13 04 01 01 17 05 00 00 13 05 05 03 
0x680: ef f0 1f f2 93 07 00 00 13 85 07 00 83 30 81 00 
0x690: 03 34 01 00 13 01 01 01 67 80 00 00 
0x6a0: 01 00 02 00 00 00 00 00 74 65 73 74 0a 00 
0x6b0: 01 1b 03 3b 14 00 00 00 01 00 00 00 00 ff ff ff 
0x6c0: 2c 00 00 00 
0x6c8: 10 00 00 00 00 00 00 00 03 7a 52 00 01 7c 01 01 
0x6d8: 1b 0d 02 00 10 00 00 00 18 00 00 00 cc fe ff ff 
0x6e8: 22 00 00 00 00 07 01 00 00 00 00 00 
0x2000: 00 00 00 00 00 00 00 00 
0x2008: ff ff ff ff ff ff ff ff 00 00 00 00 00 00 00 00 
0x2018: 70 05 00 00 00 00 00 00 70 05 00 00 00 00 00 00 
0x2028: 20 1e 00 00 00 00 00 00 00 00 00 00 00 00 00 00 
0x2038: 00 00 00 00 00 00 00 00 00 00 00 00 00 00 00 00 
0x2048: 00 00 00 00 00 00 00 00 
0x8000000: 00 00 00 00 00 00 00 00 00 00 00 00 00 00 00 00 
0x8000010: 00 00 00 00 00 00 00 00 00 00 00 00 00 00 00 00 
0x8000020: 00 00 00 00 00 00 00 00 00 00 00 00 00 00 00 00 
0x8000030: 00 00 00 00 00 00 00 00 00 00 00 00 00 00 00 00 
0x8000040: 00 00 00 00 00 00 00 00 00 00 00 00 00 00 00 00 
0x8000050: 00 00 00 00 00 00 00 00 00 00 00 00 00 00 00 00 
0x8000060: 00 00 00 00 00 00 00 00 00 00 00 00 00 00 00 00 
0x8000070: 00 00 00 00 00 00 00 00 00 00 00 00 00 00 00 00 
0x8000080: 00 00 00 00 00 00 00 00 00 00 00 00 00 00 00 00 
0x8000090: 00 00 00 00 00 00 00 00 00 00 00 00 00 00 00 00 
0x80000a0: 00 00 00 00 00 00 00 00 00 00 00 00 00 00 00 00 
0x80000b0: 00 00 00 00 00 00 00 00 00 00 00 00 00 00 00 00 
0x80000c0: 00 00 00 00 00 00 00 00 00 00 00 00 00 00 00 00 
0x80000d0: 00 00 00 00 00 00 00 00 00 00 00 00 00 00 00 00 
0x80000e0: 00 00 00 00 00 00 00 00 00 00 00 00 00 00 00 00 
0x80000f0: 00 00 00 00 00 00 00 00 00 00 00 00 00 00 00 00 
0x8000100: 00 00 00 00 00 00 00 00 00 00 00 00 00 00 00 00 
0x8000110: 00 00 00 00 00 00 00 00 00 00 00 00 00 00 00 00 
0x8000120: 00 00 00 00 00 00 00 00 00 00 00 00 00 00 00 00 
0x8000130: 00 00 00 00 00 00 00 00 00 00 00 00 00 00 00 00 
0x8000140: 00 00 00 00 00 00 00 00 00 00 00 00 00 00 00 00 
0x8000150: 00 00 00 00 00 00 00 00 00 00 00 00 00 00 00 00 
0x8000160: 00 00 00 00 00 00 00 00 00 00 00 00 00 00 00 00 
0x8000170: 00 00 00 00 00 00 00 00 00 00 00 00 00 00 00 00 
0x8000180: 00 00 00 00 00 00 00 00 00 00 00 00 00 00 00 00 
0x8000190: 00 00 00 00 00 00 00 00 00 00 00 00 00 00 00 00 
0x80001a0: 00 00 00 00 00 00 00 00 00 00 00 00 00 00 00 00 
0x80001b0: 00 00 00 00 00 00 00 00 00 00 00 00 00 00 00 00 
0x80001c0: 00 00 00 00 00 00 00 00 00 00 00 00 00 00 00 00 
0x80001d0: 00 00 00 00 00 00 00 00 00 00 00 00 00 00 00 00 
0x80001e0: 00 00 00 00 00 00 00 00 00 00 00 00 00 00 00 00 
0x80001f0: 00 00 00 00 00 00 00 00 00 00 00 00 00 00 00 00 
0x8000200: 00 00 00 00 00 00 00 00 00 00 00 00 00 00 00 00 
0x8000210: 00 00 00 00 00 00 00 00 00 00 00 00 00 00 00 00 
0x8000220: 00 00 00 00 00 00 00 00 00 00 00 00 00 00 00 00 
0x8000230: 00 00 00 00 00 00 00 00 00 00 00 00 00 00 00 00 
0x8000240: 00 00 00 00 00 00 00 00 00 00 00 00 00 00 00 00 
0x8000250: 00 00 00 00 00 00 00 00 00 00 00 00 00 00 00 00 
0x8000260: 00 00 00 00 00 00 00 00 00 00 00 00 00 00 00 00 
0x8000270: 00 00 00 00 00 00 00 00 00 00 00 00 00 00 00 00 
0x8000280: 00 00 00 00 00 00 00 00 00 00 00 00 00 00 00 00 
0x8000290: 00 00 00 00 00 00 00 00 00 00 00 00 00 00 00 00 
0x80002a0: 00 00 00 00 00 00 00 00 00 00 00 00 00 00 00 00 
0x80002b0: 00 00 00 00 00 00 00 00 00 00 00 00 00 00 00 00 
0x80002c0: 00 00 00 00 00 00 00 00 00 00 00 00 00 00 00 00 
0x80002d0: 00 00 00 00 00 00 00 00 00 00 00 00 00 00 00 00 
0x80002e0: 00 00 00 00 00 00 00 00 00 00 00 00 00 00 00 00 
0x80002f0: 00 00 00 00 00 00 00 00 00 00 00 00 00 00 00 00 
0x8000300: 00 00 00 00 00 00 00 00 00 00 00 00 00 00 00 00 
0x8000310: 00 00 00 00 00 00 00 00 00 00 00 00 00 00 00 00 
0x8000320: 00 00 00 00 00 00 00 00 00 00 00 00 00 00 00 00 
0x8000330: 00 00 00 00 00 00 00 00 00 00 00 00 00 00 00 00 
0x8000340: 00 00 00 00 00 00 00 00 00 00 00 00 00 00 00 00 
0x8000350: 00 00 00 00 00 00 00 00 00 00 00 00 00 00 00 00 
0x8000360: 00 00 00 00 00 00 00 00 00 00 00 00 00 00 00 00 
0x8000370: 00 00 00 00 00 00 00 00 00 00 00 00 00 00 00 00 
0x8000380: 00 00 00 00 00 00 00 00 00 00 00 00 00 00 00 00 
0x8000390: 00 00 00 00 00 00 00 00 00 00 00 00 00 00 00 00 
0x80003a0: 00 00 00 00 00 00 00 00 00 00 00 00 00 00 00 00 
0x80003b0: 00 00 00 00 00 00 00 00 00 00 00 00 00 00 00 00 
0x80003c0: 00 00 00 00 00 00 00 00 00 00 00 00 00 00 00 00 
0x80003d0: 00 00 00 00 00 00 00 00 00 00 00 00 00 00 00 00 
0x80003e0: 00 00 00 00 00 00 00 00 00 00 00 00 00 00 00 00 
0x80003f0: 00 00 00 00 00 00 00 00 00 00 00 00 00 00 00 00 
0x8000400: 00 00 00 00 00 00 00 00 00 00 00 00 00 00 00 00 
0x8000410: 00 00 00 00 00 00 00 00 00 00 00 00 00 00 00 00 
0x8000420: 00 00 00 00 00 00 00 00 00 00 00 00 00 00 00 00 
0x8000430: 00 00 00 00 00 00 00 00 00 00 00 00 00 00 00 00 
0x8000440: 00 00 00 00 00 00 00 00 00 00 00 00 00 00 00 00 
0x8000450: 00 00 00 00 00 00 00 00 00 00 00 00 00 00 00 00 
0x8000460: 00 00 00 00 00 00 00 00 00 00 00 00 00 00 00 00 
0x8000470: 00 00 00 00 00 00 00 00 00 00 00 00 00 00 00 00 
0x8000480: 00 00 00 00 00 00 00 00 00 00 00 00 00 00 00 00 
0x8000490: 00 00 00 00 00 00 00 00 00 00 00 00 00 00 00 00 
0x80004a0: 00 00 00 00 00 00 00 00 00 00 00 00 00 00 00 00 
0x80004b0: 00 00 00 00 00 00 00 00 00 00 00 00 00 00 00 00 
0x80004c0: 00 00 00 00 00 00 00 00 00 00 00 00 00 00 00 00 
0x80004d0: 00 00 00 00 00 00 00 00 00 00 00 00 00 00 00 00 
0x80004e0: 00 00 00 00 00 00 00 00 00 00 00 00 00 00 00 00 
0x80004f0: 00 00 00 00 00 00 00 00 00 00 00 00 00 00 00 00 
0x8000500: 00 00 00 00 00 00 00 00 00 00 00 00 00 00 00 00 
0x8000510: 00 00 00 00 00 00 00 00 00 00 00 00 00 00 00 00 
0x8000520: 00 00 00 00 00 00 00 00 00 00 00 00 00 00 00 00 
0x8000530: 00 00 00 00 00 00 00 00 00 00 00 00 00 00 00 00 
0x8000540: 00 00 00 00 00 00 00 00 00 00 00 00 00 00 00 00 
0x8000550: 00 00 00 00 00 00 00 00 00 00 00 00 00 00 00 00 
0x8000560: 00 00 00 00 00 00 00 00 00 00 00 00 00 00 00 00 
0x8000570: 00 00 00 00 00 00 00 00 00 00 00 00 00 00 00 00 
0x8000580: 00 00 00 00 00 00 00 00 00 00 00 00 00 00 00 00 
0x8000590: 00 00 00 00 00 00 00 00 00 00 00 00 00 00 00 00 
0x80005a0: 00 00 00 00 00 00 00 00 00 00 00 00 00 00 00 00 
0x80005b0: 00 00 00 00 00 00 00 00 00 00 00 00 00 00 00 00 
0x80005c0: 00 00 00 00 00 00 00 00 00 00 00 00 00 00 00 00 
0x80005d0: 00 00 00 00 00 00 00 00 00 00 00 00 00 00 00 00 
0x80005e0: 00 00 00 00 00 00 00 00 00 00 00 00 00 00 00 00 
0x80005f0: 00 00 00 00 00 00 00 00 00 00 00 00 00 00 00 00 
0x8000600: 00 00 00 00 00 00 00 00 00 00 00 00 00 00 00 00 
0x8000610: 00 00 00 00 00 00 00 00 00 00 00 00 00 00 00 00 
0x8000620: 00 00 00 00 00 00 00 00 00 00 00 00 00 00 00 00 
0x8000630: 00 00 00 00 00 00 00 00 00 00 00 00 00 00 00 00 
0x8000640: 00 00 00 00 00 00 00 00 00 00 00 00 00 00 00 00 
0x8000650: 00 00 00 00 00 00 00 00 00 00 00 00 00 00 00 00 
0x8000660: 00 00 00 00 00 00 00 00 00 00 00 00 00 00 00 00 
0x8000670: 00 00 00 00 00 00 00 00 00 00 00 00 00 00 00 00 
0x8000680: 00 00 00 00 00 00 00 00 00 00 00 00 00 00 00 00 
0x8000690: 00 00 00 00 00 00 00 00 00 00 00 00 00 00 00 00 
0x80006a0: 00 00 00 00 00 00 00 00 00 00 00 00 00 00 00 00 
0x80006b0: 00 00 00 00 00 00 00 00 00 00 00 00 00 00 00 00 
0x80006c0: 00 00 00 00 00 00 00 00 00 00 00 00 00 00 00 00 
0x80006d0: 00 00 00 00 00 00 00 00 00 00 00 00 00 00 00 00 
0x80006e0: 00 00 00 00 00 00 00 00 00 00 00 00 00 00 00 00 
0x80006f0: 00 00 00 00 00 00 00 00 00 00 00 00 00 00 00 00 
0x8000700: 00 00 00 00 00 00 00 00 00 00 00 00 00 00 00 00 
0x8000710: 00 00 00 00 00 00 00 00 00 00 00 00 00 00 00 00 
0x8000720: 00 00 00 00 00 00 00 00 00 00 00 00 00 00 00 00 
0x8000730: 00 00 00 00 00 00 00 00 00 00 00 00 00 00 00 00 
0x8000740: 00 00 00 00 00 00 00 00 00 00 00 00 00 00 00 00 
0x8000750: 00 00 00 00 00 00 00 00 00 00 00 00 00 00 00 00 
0x8000760: 00 00 00 00 00 00 00 00 00 00 00 00 00 00 00 00 
0x8000770: 00 00 00 00 00 00 00 00 00 00 00 00 00 00 00 00 
0x8000780: 00 00 00 00 00 00 00 00 00 00 00 00 00 00 00 00 
0x8000790: 00 00 00 00 00 00 00 00 00 00 00 00 00 00 00 00 
0x80007a0: 00 00 00 00 00 00 00 00 00 00 00 00 00 00 00 00 
0x80007b0: 00 00 00 00 00 00 00 00 00 00 00 00 00 00 00 00 
0x80007c0: 00 00 00 00 00 00 00 00 00 00 00 00 00 00 00 00 
0x80007d0: 00 00 00 00 00 00 00 00 00 00 00 00 00 00 00 00 
0x80007e0: 00 00 00 00 00 00 00 00 00 00 00 00 00 00 00 00 
0x80007f0: 00 00 00 00 00 00 00 00 00 00 00 00 00 00 00 00 
0x8000800: 00 00 00 00 00 00 00 00 00 00 00 00 00 00 00 00 
0x8000810: 00 00 00 00 00 00 00 00 00 00 00 00 00 00 00 00 
0x8000820: 00 00 00 00 00 00 00 00 00 00 00 00 00 00 00 00 
0x8000830: 00 00 00 00 00 00 00 00 00 00 00 00 00 00 00 00 
0x8000840: 00 00 00 00 00 00 00 00 00 00 00 00 00 00 00 00 
0x8000850: 00 00 00 00 00 00 00 00 00 00 00 00 00 00 00 00 
0x8000860: 00 00 00 00 00 00 00 00 00 00 00 00 00 00 00 00 
0x8000870: 00 00 00 00 00 00 00 00 00 00 00 00 00 00 00 00 
0x8000880: 00 00 00 00 00 00 00 00 00 00 00 00 00 00 00 00 
0x8000890: 00 00 00 00 00 00 00 00 00 00 00 00 00 00 00 00 
0x80008a0: 00 00 00 00 00 00 00 00 00 00 00 00 00 00 00 00 
0x80008b0: 00 00 00 00 00 00 00 00 00 00 00 00 00 00 00 00 
0x80008c0: 00 00 00 00 00 00 00 00 00 00 00 00 00 00 00 00 
0x80008d0: 00 00 00 00 00 00 00 00 00 00 00 00 00 00 00 00 
0x80008e0: 00 00 00 00 00 00 00 00 00 00 00 00 00 00 00 00 
0x80008f0: 00 00 00 00 00 00 00 00 00 00 00 00 00 00 00 00 
0x8000900: 00 00 00 00 00 00 00 00 00 00 00 00 00 00 00 00 
0x8000910: 00 00 00 00 00 00 00 00 00 00 00 00 00 00 00 00 
0x8000920: 00 00 00 00 00 00 00 00 00 00 00 00 00 00 00 00 
0x8000930: 00 00 00 00 00 00 00 00 00 00 00 00 00 00 00 00 
0x8000940: 00 00 00 00 00 00 00 00 00 00 00 00 00 00 00 00 
0x8000950: 00 00 00 00 00 00 00 00 00 00 00 00 00 00 00 00 
0x8000960: 00 00 00 00 00 00 00 00 00 00 00 00 00 00 00 00 
0x8000970: 00 00 00 00 00 00 00 00 00 00 00 00 00 00 00 00 
0x8000980: 00 00 00 00 00 00 00 00 00 00 00 00 00 00 00 00 
0x8000990: 00 00 00 00 00 00 00 00 00 00 00 00 00 00 00 00 
0x80009a0: 00 00 00 00 00 00 00 00 00 00 00 00 00 00 00 00 
0x80009b0: 00 00 00 00 00 00 00 00 00 00 00 00 00 00 00 00 
0x80009c0: 00 00 00 00 00 00 00 00 00 00 00 00 00 00 00 00 
0x80009d0: 00 00 00 00 00 00 00 00 00 00 00 00 00 00 00 00 
0x80009e0: 00 00 00 00 00 00 00 00 00 00 00 00 00 00 00 00 
0x80009f0: 00 00 00 00 00 00 00 00 00 00 00 00 00 00 00 00 
0x8000a00: 00 00 00 00 00 00 00 00 00 00 00 00 00 00 00 00 
0x8000a10: 00 00 00 00 00 00 00 00 00 00 00 00 00 00 00 00 
0x8000a20: 00 00 00 00 00 00 00 00 00 00 00 00 00 00 00 00 
0x8000a30: 00 00 00 00 00 00 00 00 00 00 00 00 00 00 00 00 
0x8000a40: 00 00 00 00 00 00 00 00 00 00 00 00 00 00 00 00 
0x8000a50: 00 00 00 00 00 00 00 00 00 00 00 00 00 00 00 00 
0x8000a60: 00 00 00 00 00 00 00 00 00 00 00 00 00 00 00 00 
0x8000a70: 00 00 00 00 00 00 00 00 00 00 00 00 00 00 00 00 
0x8000a80: 00 00 00 00 00 00 00 00 00 00 00 00 00 00 00 00 
0x8000a90: 00 00 00 00 00 00 00 00 00 00 00 00 00 00 00 00 
0x8000aa0: 00 00 00 00 00 00 00 00 00 00 00 00 00 00 00 00 
0x8000ab0: 00 00 00 00 00 00 00 00 00 00 00 00 00 00 00 00 
0x8000ac0: 00 00 00 00 00 00 00 00 00 00 00 00 00 00 00 00 
0x8000ad0: 00 00 00 00 00 00 00 00 00 00 00 00 00 00 00 00 
0x8000ae0: 00 00 00 00 00 00 00 00 00 00 00 00 00 00 00 00 
0x8000af0: 00 00 00 00 00 00 00 00 00 00 00 00 00 00 00 00 
0x8000b00: 00 00 00 00 00 00 00 00 00 00 00 00 00 00 00 00 
0x8000b10: 00 00 00 00 00 00 00 00 00 00 00 00 00 00 00 00 
0x8000b20: 00 00 00 00 00 00 00 00 00 00 00 00 00 00 00 00 
0x8000b30: 00 00 00 00 00 00 00 00 00 00 00 00 00 00 00 00 
0x8000b40: 00 00 00 00 00 00 00 00 00 00 00 00 00 00 00 00 
0x8000b50: 00 00 00 00 00 00 00 00 00 00 00 00 00 00 00 00 
0x8000b60: 00 00 00 00 00 00 00 00 00 00 00 00 00 00 00 00 
0x8000b70: 00 00 00 00 00 00 00 00 00 00 00 00 00 00 00 00 
0x8000b80: 00 00 00 00 00 00 00 00 00 00 00 00 00 00 00 00 
0x8000b90: 00 00 00 00 00 00 00 00 00 00 00 00 00 00 00 00 
0x8000ba0: 00 00 00 00 00 00 00 00 00 00 00 00 00 00 00 00 
0x8000bb0: 00 00 00 00 00 00 00 00 00 00 00 00 00 00 00 00 
0x8000bc0: 00 00 00 00 00 00 00 00 00 00 00 00 00 00 00 00 
0x8000bd0: 00 00 00 00 00 00 00 00 00 00 00 00 00 00 00 00 
0x8000be0: 00 00 00 00 00 00 00 00 00 00 00 00 00 00 00 00 
0x8000bf0: 00 00 00 00 00 00 00 00 00 00 00 00 00 00 00 00 
0x8000c00: 00 00 00 00 00 00 00 00 00 00 00 00 00 00 00 00 
0x8000c10: 00 00 00 00 00 00 00 00 00 00 00 00 00 00 00 00 
0x8000c20: 00 00 00 00 00 00 00 00 00 00 00 00 00 00 00 00 
0x8000c30: 00 00 00 00 00 00 00 00 00 00 00 00 00 00 00 00 
0x8000c40: 00 00 00 00 00 00 00 00 00 00 00 00 00 00 00 00 
0x8000c50: 00 00 00 00 00 00 00 00 00 00 00 00 00 00 00 00 
0x8000c60: 00 00 00 00 00 00 00 00 00 00 00 00 00 00 00 00 
0x8000c70: 00 00 00 00 00 00 00 00 00 00 00 00 00 00 00 00 
0x8000c80: 00 00 00 00 00 00 00 00 00 00 00 00 00 00 00 00 
0x8000c90: 00 00 00 00 00 00 00 00 00 00 00 00 00 00 00 00 
0x8000ca0: 00 00 00 00 00 00 00 00 00 00 00 00 00 00 00 00 
0x8000cb0: 00 00 00 00 00 00 00 00 00 00 00 00 00 00 00 00 
0x8000cc0: 00 00 00 00 00 00 00 00 00 00 00 00 00 00 00 00 
0x8000cd0: 00 00 00 00 00 00 00 00 00 00 00 00 00 00 00 00 
0x8000ce0: 00 00 00 00 00 00 00 00 00 00 00 00 00 00 00 00 
0x8000cf0: 00 00 00 00 00 00 00 00 00 00 00 00 00 00 00 00 
0x8000d00: 00 00 00 00 00 00 00 00 00 00 00 00 00 00 00 00 
0x8000d10: 00 00 00 00 00 00 00 00 00 00 00 00 00 00 00 00 
0x8000d20: 00 00 00 00 00 00 00 00 00 00 00 00 00 00 00 00 
0x8000d30: 00 00 00 00 00 00 00 00 00 00 00 00 00 00 00 00 
0x8000d40: 00 00 00 00 00 00 00 00 00 00 00 00 00 00 00 00 
0x8000d50: 00 00 00 00 00 00 00 00 00 00 00 00 00 00 00 00 
0x8000d60: 00 00 00 00 00 00 00 00 00 00 00 00 00 00 00 00 
0x8000d70: 00 00 00 00 00 00 00 00 00 00 00 00 00 00 00 00 
0x8000d80: 00 00 00 00 00 00 00 00 00 00 00 00 00 00 00 00 
0x8000d90: 00 00 00 00 00 00 00 00 00 00 00 00 00 00 00 00 
0x8000da0: 00 00 00 00 00 00 00 00 00 00 00 00 00 00 00 00 
0x8000db0: 00 00 00 00 00 00 00 00 00 00 00 00 00 00 00 00 
0x8000dc0: 00 00 00 00 00 00 00 00 00 00 00 00 00 00 00 00 
0x8000dd0: 00 00 00 00 00 00 00 00 00 00 00 00 00 00 00 00 
0x8000de0: 00 00 00 00 00 00 00 00 00 00 00 00 00 00 00 00 
0x8000df0: 00 00 00 00 00 00 00 00 00 00 00 00 00 00 00 00 
0x8000e00: 00 00 00 00 00 00 00 00 00 00 00 00 00 00 00 00 
0x8000e10: 00 00 00 00 00 00 00 00 00 00 00 00 00 00 00 00 
0x8000e20: 00 00 00 00 00 00 00 00 00 00 00 00 00 00 00 00 
0x8000e30: 00 00 00 00 00 00 00 00 00 00 00 00 00 00 00 00 
0x8000e40: 00 00 00 00 00 00 00 00 00 00 00 00 00 00 00 00 
0x8000e50: 00 00 00 00 00 00 00 00 00 00 00 00 00 00 00 00 
0x8000e60: 00 00 00 00 00 00 00 00 00 00 00 00 00 00 00 00 
0x8000e70: 00 00 00 00 00 00 00 00 00 00 00 00 00 00 00 00 
0x8000e80: 00 00 00 00 00 00 00 00 00 00 00 00 00 00 00 00 
0x8000e90: 00 00 00 00 00 00 00 00 00 00 00 00 00 00 00 00 
0x8000ea0: 00 00 00 00 00 00 00 00 00 00 00 00 00 00 00 00 
0x8000eb0: 00 00 00 00 00 00 00 00 00 00 00 00 00 00 00 00 
0x8000ec0: 00 00 00 00 00 00 00 00 00 00 00 00 00 00 00 00 
0x8000ed0: 00 00 00 00 00 00 00 00 00 00 00 00 00 00 00 00 
0x8000ee0: 00 00 00 00 00 00 00 00 00 00 00 00 00 00 00 00 
0x8000ef0: 00 00 00 00 00 00 00 00 00 00 00 00 00 00 00 00 
0x8000f00: 00 00 00 00 00 00 00 00 00 00 00 00 00 00 00 00 
0x8000f10: 00 00 00 00 00 00 00 00 00 00 00 00 00 00 00 00 
0x8000f20: 00 00 00 00 00 00 00 00 00 00 00 00 00 00 00 00 
0x8000f30: 00 00 00 00 00 00 00 00 00 00 00 00 00 00 00 00 
0x8000f40: 00 00 00 00 00 00 00 00 00 00 00 00 00 00 00 00 
0x8000f50: 00 00 00 00 00 00 00 00 00 00 00 00 00 00 00 00 
0x8000f60: 00 00 00 00 00 00 00 00 00 00 00 00 00 00 00 00 
0x8000f70: 00 00 00 00 00 00 00 00 00 00 00 00 00 00 00 00 
0x8000f80: 00 00 00 00 00 00 00 00 00 00 00 00 00 00 00 00 
0x8000f90: 00 00 00 00 00 00 00 00 00 00 00 00 00 00 00 00 
0x8000fa0: 00 00 00 00 00 00 00 00 00 00 00 00 00 00 00 00 
0x8000fb0: 00 00 00 00 00 00 00 00 00 00 00 00 00 00 00 00 
0x8000fc0: 00 00 00 00 00 00 00 00 00 00 00 00 00 00 00 00 
0x8000fd0: 00 00 00 00 00 00 00 00 00 00 00 00 00 00 00 00 
0x8000fe0: 00 00 00 00 00 00 00 00 00 00 00 00 00 00 00 00 
0x8000ff0: 00 00 00 00 00 00 00 00 00 00 00 00 00 00 00 00 
